0,010 0,05016
0,011 0,04897
0,012 0,04787
0,013 0,04687
0,014 0,04594
0,015 0,04507
0,016 0,04426
0,018 0,04278
0,020 0,04146
0,022 0,04027
0,024 0,03918
0,026 0,03818
0,028 0,03725
0,030 0,03639
0,032 0,03558
0,034 0,03482
0,036 0,03411
0,038 0,03343
0,040 0,03279
0,042 0,03218
0,044 0,03160
0,046 0,03105
0,048 0,03052
0,050 0,03001
0,060 0,02775
0,070 0,02584
0,080 0,02420
0,090 0,02276
0,100 0,02148
0,110 0,02032
0,120 0,01928
0,130 0,01832
0,140 0,01743
0,150 0,01661
0,160 0,01586
0,170 0,01515
0,180 0,01449
0,190 0,01387
0,200 0,01328
0,210 0,01273 
0,220 0,01221
0,230 0,01171
0,240 0,01124
0,250 0,010792
0,260 0,010366
0,270 0,009958
0,280 0,009570
0,290 0,009199
0,300 0,008844
0,310 0,008503
0,320 0,008175
0,330 0,007861
0,340 0,007559
0,350 0,007269
0,360 0,006989
0,370 0,006720
0,380 0,006460
0,390 0,006211
0,400 0,005970
0,410 0,005738
0,420 0,005514
0,430 0,005297
0,440 0,005087
0,450 0,004885
0,460 0,004690
0,470 0,004501
0,480 0,004318
0,490 0,004140
0,500 0,003969
0,510 0,003803
0,520 0,003643
0,530 0,003487
0,540 0,003337
0,550 0,003191
0,560 0,003050
0,570 0,002913
0,580 0,002780
0,590 0,002652
0,600 0,002527
0,610 0,002407
0,620 0,002290
0,630 0,002177
0,640 0,002068
0,650 0,001962
0,660 0,001859
0,670 0,001760
0,680 0,001664
0,690 0,001571
0,700 0,001481
0,710 0,001394
0,720 0,001310
0,730 0,001228
0,740 0,001150
0,750 0,0010741
0,760 0,0010010
0,770 0,0000931
0,780 0,0000863
0,790 0,0000797
0,800 0,0007345
0,810 0,0006741
0,820 0,0006162
0,830 0,0005607
0,840 0,0005076
0,850 0,0004569
0,860 0,0004085
0,870 0,0003625
0,880 0,0003188
0,890 0,0002775
0,900 0,0002386
0,910 0,0002021
0,920 0,0001680
0,930 0,0001364
0,940 0,0001047
0,950 0,00008107
0,960 0,00005756
0,970 0,00003710
0,980 0,00002004
0,990 0,00000703
1,000 0,00000
0,950 0,00008107
0,952 0,00007613
0,954 0,00007131
0,956 0,00006661
0,958 0,00006202
0,960 0,00005756
0,962 0,00005320
0,964 0,00004899
0,966 0,00004490
0,968 0,00004093
0,970 0,00003710
0,972 0,00003340
0,974 0,00002984
0,976 0,00002643
0,978 0,00002316
0,980 0,00002004
0,982 0,00001708
0,984 0,00001430
0,986 0,00001168
0,988 0,00000926
0,990 0,00000703
0,992 0,00000502
0,994 0,00000326
0,996 0,00000177
0,998 0,00000062